Loss: 0.5388540029525757
Accuracy: 0.8028169274330139