Loss: 0.6180926561355591
Accuracy: 0.8028169274330139