Loss: 1.3262829780578613
Accuracy: 0.3888888955116272