Loss: 0.3123745918273926
Accuracy: 0.0810810774564743