Loss: 0.6895534992218018
Accuracy: 0.09375