Loss: 0.6760217547416687
Accuracy: 0.027027027681469917