Loss: 0.6767424941062927
Accuracy: 0.03125