Loss: 0.6767457723617554
Accuracy: 0.03125