Loss: 0.6178088784217834
Accuracy: 0.8028169274330139