Loss: 0.6786766052246094
Accuracy: 0.0810810774564743