Loss: 0.39930859208106995
Accuracy: 0.0810810774564743