Loss: 0.3678469657897949
Accuracy: 0.0810810774564743