Loss: 0.6291766166687012
Accuracy: 0.0810810774564743