Loss: 0.42844030261039734
Accuracy: 0.0810810774564743