Loss: 0.6745486855506897
Accuracy: 0.0810810774564743