Loss: 0.680286169052124
Accuracy: 0.0810810774564743